<?xml version="1.0" encoding="utf-8"?>
<COLLADA xmlns="http://www.collada.org/2005/11/COLLADASchema" version="1.4.1">
  <asset><contributor><author>Mixamo</author><authoring_tool>COLLADA Mixamo exporter</authoring_tool><comments></comments></contributor><created>2020-08-23T22:06:02Z</created><modified>2020-08-23T22:06:02Z</modified><revision></revision><title></title><unit meter="0.010000"/><up_axis>Y_UP</up_axis></asset>
  <library_animations>
    <animation id="boss_Hips-anim" name="boss_Hips"><source id="boss_Hips-Matrix-animation-input"><float_array id="boss_Hips-Matrix-animation-input-array" count="37">

0.000000 0.033333 0.066667 0.100000 0.133333 0.166667 0.200000 0.233333 0.266667 0.300000 0.333333 0.366667 0.400000 0.433333 0.466667 0.500000
0.533333 0.566667 0.600000 0.633333 0.666667 0.700000 0.733333 0.766667 0.800000 0.833333 0.866667 0.900000 0.933333 0.966667 1.000000 1.033333
1.066667 1.100000 1.133333 1.166667 1.200000</float_array><technique_common><accessor source="#boss_Hips-Matrix-animation-input-array" count="37"><param name="TIME" type="float"/></accessor></technique_common></source><source id="boss_Hips-Matrix-animation-output-transform"><float_array id="boss_Hips-Matrix-animation-output-transform-array" count="592">

0.994471 0.001643 -0.105003 -0.209027 0.025635 0.965832 0.257898 91.860214 0.101839 -0.259163 0.960449 2.560937 0.000000 0.000000 0.000000 1.000000
0.995876 0.002297 -0.090696 -0.001149 0.020900 0.966982 0.253985 91.901726 0.088285 -0.254833 0.962946 2.494353 0.000000 0.000000 0.000000 1.000000
0.998327 -0.005275 -0.057574 0.363562 0.019801 0.966800 0.254767 92.040192 0.054319 -0.255481 0.965287 2.476346 0.000000 0.000000 0.000000 1.000000
0.999788 -0.020220 0.003769 0.923366 0.018560 0.965872 0.258354 92.316071 -0.008864 -0.258229 0.966043 2.530000 0.000000 0.000000 0.000000 1.000000
0.994968 -0.040747 0.091538 1.673253 0.015601 0.965437 0.260170 92.702629 -0.098976 -0.257432 0.961214 2.619407 0.000000 0.000000 0.000000 1.000000
0.979899 -0.065180 0.188545 2.534549 0.014683 0.966119 0.257678 93.071579 -0.198952 -0.249730 0.947657 2.605159 0.000000 0.000000 0.000000 1.000000
0.956997 -0.090589 0.275591 3.403344 0.018333 0.966980 0.254192 93.268623 -0.289518 -0.238208 0.927058 2.328091 0.000000 0.000000 0.000000 1.000000
0.932674 -0.110843 0.343267 4.192204 0.021457 0.966981 0.253942 93.203011 -0.360081 -0.229480 0.904257 1.815143 0.000000 0.000000 0.000000 1.000000
0.912944 -0.122246 0.389346 4.836990 0.019979 0.966323 0.256556 92.896500 -0.407597 -0.226443 0.884640 1.342506 0.000000 0.000000 0.000000 1.000000
0.901036 -0.126681 0.414833 5.326806 0.016481 0.965708 0.259108 92.534500 -0.433431 -0.226629 0.872225 1.157465 0.000000 0.000000 0.000000 1.000000
0.895437 -0.129205 0.426027 5.678910 0.015668 0.965511 0.259889 92.280312 -0.444913 -0.226039 0.866579 1.189119 0.000000 0.000000 0.000000 1.000000
0.890472 -0.132725 0.435252 5.938540 0.017588 0.965841 0.258539 92.155014 -0.454699 -0.222566 0.862388 1.214675 0.000000 0.000000 0.000000 1.000000
0.880332 -0.136969 0.454154 6.171213 0.018899 0.966773 0.254936 92.062325 -0.473982 -0.215845 0.853670 1.145937 0.000000 0.000000 0.000000 1.000000
0.863219 -0.139553 0.485158 6.403141 0.016195 0.968193 0.249681 91.903183 -0.504570 -0.207673 0.838022 1.012689 0.000000 0.000000 0.000000 1.000000
0.843241 -0.138405 0.519412 6.584795 0.008732 0.969683 0.244210 91.657227 -0.537465 -0.201393 0.818885 0.840973 0.000000 0.000000 0.000000 1.000000
0.827108 -0.134168 0.545794 6.665097 -0.000737 0.970830 0.239767 91.382324 -0.562043 -0.198716 0.802882 0.661059 0.000000 0.000000 0.000000 1.000000
0.818247 -0.129389 0.560117 6.655434 -0.008582 0.971483 0.236953 91.155815 -0.574803 -0.198693 0.793802 0.534680 0.000000 0.000000 0.000000 1.000000
0.815970 -0.125901 0.564217 6.600133 -0.013253 0.971666 0.235987 91.023727 -0.577942 -0.200036 0.791182 0.500442 0.000000 0.000000 0.000000 1.000000
0.818735 -0.123740 0.560679 6.518693 -0.015324 0.971445 0.236771 90.987747 -0.573967 -0.202445 0.793460 0.527020 0.000000 0.000000 0.000000 1.000000
0.825163 -0.122149 0.551531 6.402872 -0.015774 0.970979 0.238644 91.016991 -0.564675 -0.205620 0.799289 0.551741 0.000000 0.000000 0.000000 1.000000
0.833277 -0.120760 0.539506 6.253401 -0.015068 0.970529 0.240511 91.071266 -0.552651 -0.208541 0.806900 0.539268 0.000000 0.000000 0.000000 1.000000
0.841792 -0.119803 0.526340 6.087862 -0.013084 0.970246 0.241768 91.128731 -0.539644 -0.210405 0.815178 0.497762 0.000000 0.000000 0.000000 1.000000
0.851810 -0.119799 0.509969 5.918237 -0.009078 0.969978 0.243025 91.197731 -0.523772 -0.211641 0.825149 0.462991 0.000000 0.000000 0.000000 1.000000
0.865005 -0.120378 0.487109 5.743746 -0.003077 0.969504 0.245056 91.295837 -0.501754 -0.213474 0.838255 0.466433 0.000000 0.000000 0.000000 1.000000
0.880814 -0.119483 0.458138 5.556310 0.002729 0.968898 0.247444 91.421715 -0.473455 -0.216702 0.853745 0.512744 0.000000 0.000000 0.000000 1.000000
0.897359 -0.115229 0.425991 5.332837 0.006060 0.968435 0.249194 91.566643 -0.441259 -0.221035 0.869732 0.588669 0.000000 0.000000 0.000000 1.000000
0.913869 -0.107831 0.391428 5.039027 0.007325 0.968308 0.249651 91.729805 -0.405943 -0.225281 0.885697 0.682220 0.000000 0.000000 0.000000 1.000000
0.930276 -0.098340 0.353433 4.668352 0.008112 0.968681 0.248176 91.895073 -0.366770 -0.228005 0.901939 0.784906 0.000000 0.000000 0.000000 1.000000
0.945424 -0.086856 0.314055 4.260667 0.007882 0.969633 0.244438 92.010506 -0.325749 -0.228623 0.917398 0.897575 0.000000 0.000000 0.000000 1.000000
0.957568 -0.073621 0.278646 3.860502 0.004869 0.970818 0.239768 92.021149 -0.288166 -0.228238 0.929983 1.033675 0.000000 0.000000 0.000000 1.000000
0.966606 -0.060729 0.248969 3.459991 0.000071 0.971580 0.236713 91.924072 -0.256268 -0.228791 0.939139 1.181589 0.000000 0.000000 0.000000 1.000000
0.974572 -0.050485 0.218312 2.998426 -0.002707 0.971564 0.236760 91.776451 -0.224056 -0.231331 0.946723 1.284089 0.000000 0.000000 0.000000 1.000000
0.983382 -0.042532 0.176499 2.434811 -0.000996 0.970893 0.239513 91.662926 -0.181548 -0.235708 0.954716 1.331137 0.000000 0.000000 0.000000 1.000000
0.992372 -0.034314 0.118408 1.792908 0.004457 0.969841 0.243698 91.634903 -0.123199 -0.241312 0.962596 1.438893 0.000000 0.000000 0.000000 1.000000
0.998601 -0.023933 0.047148 1.123816 0.011489 0.968605 0.248337 91.689568 -0.051611 -0.247448 0.967526 1.719648 0.000000 0.000000 0.000000 1.000000
0.999498 -0.011555 -0.029514 0.456269 0.018656 0.967261 0.253098 91.779434 0.025623 -0.253522 0.966990 2.134382 0.000000 0.000000 0.000000 1.000000
0.994471 0.001643 -0.105003 -0.209027 0.025635 0.965832 0.257898 91.860214 0.101839 -0.259163 0.960449 2.560937 0.000000 0.000000 0.000000 1.000000</float_array><technique_common><accessor source="#boss_Hips-Matrix-animation-output-transform-array" count="37" stride="16"><param type="float4x4"/></accessor></technique_common></source><source id="boss_Hips-Interpolations"><Name_array id="boss_Hips-Interpolations-array" count="37">
 LINEAR LINEAR LINEAR LINEAR LINEAR LINEAR LINEAR LINEAR LINEAR LINEAR LINEAR
LINEAR LINEAR LINEAR LINEAR LINEAR LINEAR LINEAR LINEAR LINEAR LINEAR LINEAR LINEAR
LINEAR LINEAR LINEAR LINEAR LINEAR LINEAR LINEAR LINEAR LINEAR LINEAR LINEAR LINEAR
LINEAR LINEAR</Name_array><technique_common><accessor source="#boss_Hips-Interpolations-array" count="37"><param type="name"/></accessor></technique_common></source><sampler id="boss_Hips-Matrix-animation-transform"><input semantic="INPUT" source="#boss_Hips-Matrix-animation-input"/><input semantic="OUTPUT" source="#boss_Hips-Matrix-animation-output-transform"/><input semantic="INTERPOLATION" source="#boss_Hips-Interpolations"/></sampler><channel source="#boss_Hips-Matrix-animation-transform" target="boss_Hips/matrix"/></animation>
    <animation id="boss_Spine-anim" name="boss_Spine"><source id="boss_Spine-Matrix-animation-input"><float_array id="boss_Spine-Matrix-animation-input-array" count="37">

0.000000 0.033333 0.066667 0.100000 0.133333 0.166667 0.200000 0.233333 0.266667 0.300000 0.333333 0.366667 0.400000 0.433333 0.466667 0.500000
0.533333 0.566667 0.600000 0.633333 0.666667 0.700000 0.733333 0.766667 0.800000 0.833333 0.866667 0.900000 0.933333 0.966667 1.000000 1.033333
1.066667 1.100000 1.133333 1.166667 1.200000</float_array><technique_common><accessor source="#boss_Spine-Matrix-animation-input-array" count="37"><param name="TIME" type="float"/></accessor></technique_common></source><source id="boss_Spine-Matrix-animation-output-transform"><float_array id="boss_Spine-Matrix-animation-output-transform-array" count="592">

0.999657 0.022434 0.013517 0.000000 -0.021969 0.999193 -0.033641 9.226300 -0.014261 0.033332 0.999343 1.577100 0.000000 0.000000 0.000000 1.000000
0.999683 0.021068 0.013777 -0.000000 -0.020586 0.999203 -0.034198 9.226300 -0.014486 0.033904 0.999320 1.577100 0.000000 0.000000 0.000000 1.000000
0.999722 0.019952 0.012597 -0.000000 -0.019487 0.999162 -0.036006 9.226300 -0.013305 0.035750 0.999272 1.577100 0.000000 0.000000 0.000000 1.000000
0.999751 0.019668 0.010553 0.000000 -0.019249 0.999075 -0.038461 9.226300 -0.011300 0.038248 0.999204 1.577100 0.000000 0.000000 0.000000 1.000000
0.999672 0.023436 0.010283 0.000000 -0.023015 0.998960 -0.039350 9.226300 -0.011194 0.039101 0.999173 1.577100 0.000000 0.000000 0.000000 1.000000
0.999308 0.034194 0.014639 -0.000000 -0.033657 0.998805 -0.035447 9.226300 -0.015833 0.034930 0.999264 1.577100 0.000000 0.000000 0.000000 1.000000
0.998559 0.048312 0.023372 0.000000 -0.047714 0.998536 -0.025471 9.226300 -0.024568 0.024319 0.999402 1.577100 0.000000 0.000000 0.000000 1.000000
0.997955 0.054605 0.033240 0.000000 -0.054222 0.998453 -0.012341 9.226300 -0.033863 0.010514 0.999371 1.577100 0.000000 0.000000 0.000000 1.000000
0.998049 0.045492 0.042774 -0.000000 -0.045447 0.998965 -0.002018 9.226300 -0.042821 0.000070 0.999083 1.577100 0.000000 0.000000 0.000000 1.000000
0.998247 0.024595 0.053827 -0.000000 -0.024721 0.999693 0.001684 9.226300 -0.053769 -0.003012 0.998549 1.577100 0.000000 0.000000 0.000000 1.000000
0.997624 0.005783 0.068649 0.000000 -0.005802 0.999983 0.000078 9.226300 -0.068648 -0.000476 0.997641 1.577100 0.000000 0.000000 0.000000 1.000000
0.996370 -0.000604 0.085125 -0.000000 0.000845 0.999996 -0.002792 9.226300 -0.085123 0.002853 0.996366 1.577100 0.000000 0.000000 0.000000 1.000000
0.995204 0.003843 0.097750 -0.000000 -0.003404 0.999983 -0.004650 9.226300 -0.097767 0.004295 0.995200 1.577100 0.000000 0.000000 0.000000 1.000000
0.994651 0.009786 0.102825 0.000000 -0.009243 0.999941 -0.005761 9.226300 -0.102875 0.004780 0.994683 1.577100 0.000000 0.000000 0.000000 1.000000
0.994786 0.010025 0.101492 0.000000 -0.009350 0.999931 -0.007129 9.226300 -0.101556 0.006143 0.994811 1.577100 0.000000 0.000000 0.000000 1.000000
0.995181 0.004732 0.097937 0.000000 -0.003865 0.999952 -0.009032 9.226300 -0.097975 0.008610 0.995152 1.577100 0.000000 0.000000 0.000000 1.000000
0.995416 -0.001253 0.095632 0.000000 0.002305 0.999938 -0.010896 9.226300 -0.095613 0.011066 0.995357 1.577100 0.000000 0.000000 0.000000 1.000000
0.995428 -0.004111 0.095428 0.000000 0.005299 0.999911 -0.012203 9.226300 -0.095370 0.012653 0.995361 1.577100 0.000000 0.000000 0.000000 1.000000
0.995349 -0.003717 0.096265 -0.000000 0.004994 0.999903 -0.013032 9.226300 -0.096207 0.013452 0.995270 1.577100 0.000000 0.000000 0.000000 1.000000
0.995306 -0.002214 0.096754 0.000000 0.003552 0.999900 -0.013664 9.226300 -0.096714 0.013944 0.995215 1.577100 0.000000 0.000000 0.000000 1.000000
0.995356 -0.001300 0.096250 0.000000 0.002681 0.999895 -0.014220 9.226300 -0.096222 0.014412 0.995256 1.577100 0.000000 0.000000 0.000000 1.000000
0.995469 -0.000949 0.095086 0.000000 0.002367 0.999888 -0.014795 9.226300 -0.095062 0.014953 0.995359 1.577100 0.000000 0.000000 0.000000 1.000000
0.995580 -0.000148 0.093921 -0.000000 0.001618 0.999877 -0.015569 9.226300 -0.093907 0.015652 0.995458 1.577100 0.000000 0.000000 0.000000 1.000000
0.995696 0.001513 0.092670 0.000000 0.000017 0.999864 -0.016505 9.226300 -0.092682 0.016435 0.995560 1.577100 0.000000 0.000000 0.000000 1.000000
0.995919 0.003278 0.090190 -0.000000 -0.001737 0.999851 -0.017159 9.226300 -0.090233 0.016933 0.995777 1.577100 0.000000 0.000000 0.000000 1.000000
0.996337 0.004318 0.085410 0.000000 -0.002861 0.999848 -0.017170 9.226300 -0.085471 0.016863 0.996198 1.577100 0.000000 0.000000 0.000000 1.000000
0.996889 0.005003 0.078657 0.000000 -0.003675 0.999848 -0.017028 9.226300 -0.078730 0.016686 0.996756 1.577100 0.000000 0.000000 0.000000 1.000000
0.997430 0.006529 0.071354 0.000000 -0.005260 0.999825 -0.017966 9.226300 -0.071459 0.017544 0.997289 1.577100 0.000000 0.000000 0.000000 1.000000
0.997887 0.009389 0.064286 0.000000 -0.008067 0.999751 -0.020799 9.226300 -0.064465 0.020236 0.997715 1.577100 0.000000 0.000000 0.000000 1.000000
0.998312 0.012578 0.056707 0.000000 -0.011172 0.999624 -0.025044 9.226300 -0.057001 0.024368 0.998077 1.577100 0.000000 0.000000 0.000000 1.000000
0.998757 0.014508 0.047680 0.000000 -0.013109 0.999478 -0.029512 9.226300 -0.048083 0.028850 0.998427 1.577100 0.000000 0.000000 0.000000 1.000000
0.999174 0.014613 0.037916 -0.000000 -0.013344 0.999350 -0.033501 9.226300 -0.038381 0.032967 0.998719 1.577100 0.000000 0.000000 0.000000 1.000000
0.999466 0.014000 0.029524 0.000000 -0.012913 0.999243 -0.036692 9.226300 -0.030015 0.036292 0.998890 1.577100 0.000000 0.000000 0.000000 1.000000
0.999613 0.014401 0.023795 0.000000 -0.013483 0.999175 -0.038310 9.226300 -0.024327 0.037974 0.998983 1.577100 0.000000 0.000000 0.000000 1.000000
0.999662 0.016486 0.020089 0.000000 -0.015718 0.999162 -0.037779 9.226300 -0.020695 0.037450 0.999084 1.577100 0.000000 0.000000 0.000000 1.000000
0.999666 0.019505 0.016964 -0.000000 -0.018889 0.999181 -0.035784 9.226300 -0.017648 0.035452 0.999216 1.577100 0.000000 0.000000 0.000000 1.000000
0.999657 0.022434 0.013517 0.000000 -0.021969 0.999193 -0.033641 9.226300 -0.014261 0.033332 0.999343 1.577100 0.000000 0.000000 0.000000 1.000000</float_array><technique_common><accessor source="#boss_Spine-Matrix-animation-output-transform-array" count="37" stride="16"><param type="float4x4"/></accessor></technique_common></source><source id="boss_Spine-Interpolations"><Name_array id="boss_Spine-Interpolations-array" count="37">
 LINEAR LINEAR LINEAR LINEAR LINEAR LINEAR LINEAR LINEAR LINEAR LINEAR LINEAR
LINEAR LINEAR LINEAR LINEAR LINEAR LINEAR LINEAR LINEAR LINEAR LINEAR LINEAR LINEAR
LINEAR LINEAR LINEAR LINEAR LINEAR LINEAR LINEAR LINEAR LINEAR LINEAR LINEAR LINEAR
LINEAR LINEAR</Name_array><technique_common><accessor source="#boss_Spine-Interpolations-array" count="37"><param type="name"/></accessor></technique_common></source><sampler id="boss_Spine-Matrix-animation-transform"><input semantic="INPUT" source="#boss_Spine-Matrix-animation-input"/><input semantic="OUTPUT" source="#boss_Spine-Matrix-animation-output-transform"/><input semantic="INTERPOLATION" source="#boss_Spine-Interpolations"/></sampler><channel source="#boss_Spine-Matrix-animation-transform" target="boss_Spine/matrix"/></animation>
    <animation id="boss_Spine1-anim" name="boss_Spine1"><source id="boss_Spine1-Matrix-animation-input"><float_array id="boss_Spine1-Matrix-animation-input-array" count="37">

0.000000 0.033333 0.066667 0.100000 0.133333 0.166667 0.200000 0.233333 0.266667 0.300000 0.333333 0.366667 0.400000 0.433333 0.466667 0.500000
0.533333 0.566667 0.600000 0.633333 0.666667 0.700000 0.733333 0.766667 0.800000 0.833333 0.866667 0.900000 0.933333 0.966667 1.000000 1.033333
1.066667 1.100000 1.133333 1.166667 1.200000</float_array><technique_common><accessor source="#boss_Spine1-Matrix-animation-input-array" count="37"><param name="TIME" type="float"/></accessor></technique_common></source><source id="boss_Spine1-Matrix-animation-output-transform"><float_array id="boss_Spine1-Matrix-animation-output-transform-array" count="592">

0.999909 -0.002694 0.013232 0.000000 0.003590 0.997671 -0.068114 16.254000 -0.013018 0.068155 0.997590 -0.165600 0.000000 0.000000 0.000000 1.000000
0.999895 -0.005979 0.013184 0.000000 0.006881 0.997558 -0.069499 16.254000 -0.012736 0.069583 0.997495 -0.165600 0.000000 0.000000 0.000000 1.000000
0.999910 -0.008019 0.010759 0.000000 0.008778 0.997331 -0.072481 16.254000 -0.010149 0.072568 0.997312 -0.165600 0.000000 0.000000 0.000000 1.000000
0.999938 -0.008820 0.006773 0.000000 0.009308 0.997072 -0.075896 16.254000 -0.006084 0.075954 0.997093 -0.165600 0.000000 0.000000 0.000000 1.000000
0.999966 -0.007528 0.003239 -0.000000 0.007756 0.996990 -0.077135 16.254000 -0.002649 0.077158 0.997015 -0.165600 0.000000 0.000000 0.000000 1.000000
0.999994 -0.003000 0.001950 0.000000 0.003134 0.997344 -0.072770 16.254000 -0.001727 0.072776 0.997347 -0.165600 0.000000 0.000000 0.000000 1.000000
0.999986 0.003328 0.004111 -0.000000 -0.003071 0.998139 -0.060894 16.254000 -0.004306 0.060881 0.998136 -0.165600 0.000000 0.000000 0.000000 1.000000
0.999902 0.005953 0.012688 -0.000000 -0.005394 0.999032 -0.043660 16.254000 -0.012936 0.043587 0.998966 -0.165600 0.000000 0.000000 0.000000 1.000000
0.999461 0.000049 0.032833 -0.000000 0.000842 0.999631 -0.027145 16.254000 -0.032822 0.027158 0.999092 -0.165600 0.000000 0.000000 0.000000 1.000000
0.997683 -0.012574 0.066867 0.000000 0.013700 0.999771 -0.016409 16.254000 -0.066646 0.017287 0.997627 -0.165600 0.000000 0.000000 0.000000 1.000000
0.993789 -0.023325 0.108805 0.000000 0.024786 0.999620 -0.012094 16.254000 -0.108481 0.014716 0.993990 -0.165600 0.000000 0.000000 0.000000 1.000000
0.988934 -0.025229 0.146197 0.000000 0.027255 0.999558 -0.011876 16.254000 -0.145832 0.015729 0.989184 -0.165600 0.000000 0.000000 0.000000 1.000000
0.985485 -0.019604 0.168629 -0.000000 0.022178 0.999664 -0.013394 16.254000 -0.168310 0.016939 0.985589 -0.165600 0.000000 0.000000 0.000000 1.000000
0.984568 -0.013538 0.174477 0.000000 0.016495 0.999744 -0.015509 16.254000 -0.174223 0.018148 0.984539 -0.165600 0.000000 0.000000 0.000000 1.000000
0.985329 -0.012098 0.170238 0.000000 0.015443 0.999712 -0.018343 16.254000 -0.169967 0.020703 0.985232 -0.165600 0.000000 0.000000 0.000000 1.000000
0.986294 -0.014431 0.164367 0.000000 0.018294 0.999590 -0.022011 16.254000 -0.163982 0.024717 0.986154 -0.165600 0.000000 0.000000 0.000000 1.000000
0.986699 -0.016815 0.161686 0.000000 0.021234 0.999446 -0.025642 16.254000 -0.161165 0.028734 0.986509 -0.165600 0.000000 0.000000 0.000000 1.000000
0.986583 -0.017432 0.162328 0.000000 0.022299 0.999353 -0.028212 16.254000 -0.161731 0.031453 0.986333 -0.165600 0.000000 0.000000 0.000000 1.000000
0.986287 -0.017253 0.164134 -0.000000 0.022406 0.999311 -0.029597 16.254000 -0.163510 0.032868 0.985994 -0.165600 0.000000 0.000000 0.000000 1.000000
0.986109 -0.017504 0.165172 0.000000 0.022829 0.999277 -0.030398 16.254000 -0.164520 0.033746 0.985796 -0.165600 0.000000 0.000000 0.000000 1.000000
0.986166 -0.017860 0.164795 0.000000 0.023322 0.999239 -0.031266 16.254000 -0.164111 0.034676 0.985832 -0.165600 0.000000 0.000000 0.000000 1.000000
0.986384 -0.017203 0.163555 -0.000000 0.022831 0.999208 -0.032596 16.254000 -0.162865 0.035886 0.985996 -0.165600 0.000000 0.000000 0.000000 1.000000
0.986638 -0.015220 0.162213 0.000000 0.021086 0.999182 -0.034502 16.254000 -0.161556 0.037461 0.986152 -0.165600 0.000000 0.000000 0.000000 1.000000
0.986992 -0.012821 0.160260 0.000000 0.018940 0.999146 -0.036709 16.254000 -0.159652 0.039267 0.986392 -0.165600 0.000000 0.000000 0.000000 1.000000
0.987760 -0.011193 0.155580 0.000000 0.017401 0.999103 -0.038603 16.254000 -0.155009 0.040838 0.987069 -0.165600 0.000000 0.000000 0.000000 1.000000
0.989172 -0.010758 0.146364 0.000000 0.016761 0.999065 -0.039842 16.254000 -0.145799 0.041864 0.988428 -0.165600 0.000000 0.000000 0.000000 1.000000
0.991003 -0.011186 0.133372 0.000000 0.016793 0.999019 -0.040988 16.254000 -0.132782 0.042859 0.990218 -0.165600 0.000000 0.000000 0.000000 1.000000
0.992766 -0.012207 0.119447 0.000000 0.017474 0.998916 -0.043146 16.254000 -0.118791 0.044921 0.991903 -0.165600 0.000000 0.000000 0.000000 1.000000
0.994233 -0.013929 0.106336 0.000000 0.019005 0.998720 -0.046870 16.254000 -0.105547 0.048621 0.993225 -0.165600 0.000000 0.000000 0.000000 1.000000
0.995552 -0.016204 0.092814 -0.000000 0.021076 0.998438 -0.051753 16.254000 -0.091831 0.053478 0.994338 -0.165600 0.000000 0.000000 0.000000 1.000000
0.996868 -0.018266 0.076948 0.000000 0.022712 0.998098 -0.057306 16.254000 -0.075754 0.058875 0.995387 -0.165600 0.000000 0.000000 0.000000 1.000000
0.998033 -0.019359 0.059634 0.000000 0.023150 0.997709 -0.063560 16.254000 -0.058267 0.064815 0.996195 -0.165600 0.000000 0.000000 0.000000 1.000000
0.998831 -0.019123 0.044401 -0.000000 0.022198 0.997312 -0.069831 16.254000 -0.042946 0.070734 0.996570 -0.165600 0.000000 0.000000 0.000000 1.000000
0.999288 -0.017154 0.033592 0.000000 0.019597 0.997079 -0.073827 16.254000 -0.032228 0.074433 0.996705 -0.165600 0.000000 0.000000 0.000000 1.000000
0.999568 -0.013235 0.026245 0.000000 0.015143 0.997151 -0.073891 16.254000 -0.025192 0.074257 0.996921 -0.165600 0.000000 0.000000 0.000000 1.000000
0.999768 -0.008042 0.019973 -0.000000 0.009445 0.997420 -0.071158 16.254000 -0.019350 0.071330 0.997265 -0.165600 0.000000 0.000000 0.000000 1.000000
0.999909 -0.002694 0.013232 0.000000 0.003590 0.997671 -0.068114 16.254000 -0.013018 0.068155 0.997590 -0.165600 0.000000 0.000000 0.000000 1.000000</float_array><technique_common><accessor source="#boss_Spine1-Matrix-animation-output-transform-array" count="37" stride="16"><param type="float4x4"/></accessor></technique_common></source><source id="boss_Spine1-Interpolations"><Name_array id="boss_Spine1-Interpolations-array" count="37">
 LINEAR LINEAR LINEAR LINEAR LINEAR LINEAR LINEAR LINEAR LINEAR LINEAR LINEAR
LINEAR LINEAR LINEAR LINEAR LINEAR LINEAR LINEAR LINEAR LINEAR LINEAR LINEAR LINEAR
LINEAR LINEAR LINEAR LINEAR LINEAR LINEAR LINEAR LINEAR LINEAR LINEAR LINEAR LINEAR
LINEAR LINEAR</Name_array><technique_common><accessor source="#boss_Spine1-Interpolations-array" count="37"><param type="name"/></accessor></technique_common></source><sampler id="boss_Spine1-Matrix-animation-transform"><input semantic="INPUT" source="#boss_Spine1-Matrix-animation-input"/><input semantic="OUTPUT" source="#boss_Spine1-Matrix-animation-output-transform"/><input semantic="INTERPOLATION" source="#boss_Spine1-Interpolations"/></sampler><channel source="#boss_Spine1-Matrix-animation-transform" target="boss_Spine1/matrix"/></animation>
    <animation id="boss_Spine2-anim" name="boss_Spine2"><source id="boss_Spine2-Matrix-animation-input"><float_array id="boss_Spine2-Matrix-animation-input-array" count="37">

0.000000 0.033333 0.066667 0.100000 0.133333 0.166667 0.200000 0.233333 0.266667 0.300000 0.333333 0.366667 0.400000 0.433333 0.466667 0.500000
0.533333 0.566667 0.600000 0.633333 0.666667 0.700000 0.733333 0.766667 0.800000 0.833333 0.866667 0.900000 0.933333 0.966667 1.000000 1.033333
1.066667 1.100000 1.133333 1.166667 1.200000</float_array><technique_common><accessor source="#boss_Spine2-Matrix-animation-input-array" count="37"><param name="TIME" type="float"/></accessor></technique_common></source><source id="boss_Spine2-Matrix-animation-output-transform"><float_array id="boss_Spine2-Matrix-animation-output-transform-array" count="592">

0.999907 -0.002719 0.013358 0.000000 0.003623 0.997673 -0.068078 13.639600 -0.013142 0.068120 0.997591 -1.292300 0.000000 0.000000 0.000000 1.000000
0.999893 -0.006033 0.013360 -0.000000 0.006947 0.997560 -0.069462 13.639600 -0.012908 0.069548 0.997495 -1.292300 0.000000 0.000000 0.000000 1.000000
0.999907 -0.008118 0.010949 -0.000000 0.008891 0.997333 -0.072443 13.639600 -0.010331 0.072534 0.997312 -1.292300 0.000000 0.000000 0.000000 1.000000
0.999936 -0.008924 0.006949 0.000000 0.009425 0.997076 -0.075832 13.639600 -0.006252 0.075892 0.997096 -1.292300 0.000000 0.000000 0.000000 1.000000
0.999965 -0.007643 0.003335 -0.000000 0.007878 0.996997 -0.077038 13.639600 -0.002736 0.077062 0.997023 -1.292300 0.000000 0.000000 0.000000 1.000000
0.999993 -0.003309 0.001857 -0.000000 0.003435 0.997347 -0.072708 13.639600 -0.001611 0.072713 0.997352 -1.292300 0.000000 0.000000 0.000000 1.000000
0.999989 0.002618 0.003809 -0.000000 -0.002381 0.998139 -0.060938 13.639600 -0.003962 0.060928 0.998134 -1.292300 0.000000 0.000000 0.000000 1.000000
0.999910 0.005060 0.012387 -0.000000 -0.004514 0.999034 -0.043703 13.639600 -0.012596 0.043643 0.998968 -1.292300 0.000000 0.000000 0.000000 1.000000
0.999460 -0.000210 0.032865 0.000000 0.001094 0.999639 -0.026859 13.639600 -0.032847 0.026881 0.999099 -1.292300 0.000000 0.000000 0.000000 1.000000
0.997662 -0.011353 0.067396 0.000000 0.012425 0.999803 -0.015501 13.639600 -0.067207 0.016302 0.997606 -1.292300 0.000000 0.000000 0.000000 1.000000
0.993757 -0.020555 0.109653 0.000000 0.021847 0.999705 -0.010589 13.639600 -0.109403 0.012919 0.993914 -1.292300 0.000000 0.000000 0.000000 1.000000
0.988895 -0.021700 0.147025 0.000000 0.023426 0.999675 -0.010019 13.639600 -0.146760 0.013352 0.989082 -1.292300 0.000000 0.000000 0.000000 1.000000
0.985440 -0.016257 0.169246 -0.000000 0.018446 0.999765 -0.011373 13.639600 -0.169022 0.014330 0.985508 -1.292300 0.000000 0.000000 0.000000 1.000000
0.984519 -0.010814 0.174944 0.000000 0.013357 0.999821 -0.013368 13.639600 -0.174768 0.015498 0.984488 -1.292300 0.000000 0.000000 0.000000 1.000000
0.985269 -0.009922 0.170725 0.000000 0.012844 0.999789 -0.016019 13.639600 -0.170530 0.017976 0.985188 -1.292300 0.000000 0.000000 0.000000 1.000000
0.986218 -0.012574 0.164976 -0.000000 0.015996 0.999683 -0.019429 13.639600 -0.164679 0.021800 0.986106 -1.292300 0.000000 0.000000 0.000000 1.000000
0.986608 -0.015136 0.162405 0.000000 0.019089 0.999558 -0.022808 13.639600 -0.161988 0.025603 0.986461 -1.292300 0.000000 0.000000 0.000000 1.000000
0.986482 -0.015879 0.163096 0.000000 0.020259 0.999476 -0.025225 13.639600 -0.162610 0.028188 0.986288 -1.292300 0.000000 0.000000 0.000000 1.000000
0.986181 -0.015784 0.164916 0.000000 0.020436 0.999439 -0.026551 13.639600 -0.164404 0.029554 0.985950 -1.292300 0.000000 0.000000 0.000000 1.000000
0.986000 -0.016065 0.165971 -0.000000 0.020883 0.999408 -0.027326 13.639600 -0.165434 0.030409 0.985752 -1.292300 0.000000 0.000000 0.000000 1.000000
0.986053 -0.016422 0.165620 -0.000000 0.021378 0.999374 -0.028182 13.639600 -0.165054 0.031330 0.985787 -1.292300 0.000000 0.000000 0.000000 1.000000
0.986269 -0.015784 0.164393 -0.000000 0.020920 0.999344 -0.029556 13.639600 -0.163819 0.032589 0.985952 -1.292300 0.000000 0.000000 0.000000 1.000000
0.986523 -0.013864 0.163037 -0.000000 0.019265 0.999315 -0.031593 13.639600 -0.162487 0.034308 0.986114 -1.292300 0.000000 0.000000 0.000000 1.000000
0.986878 -0.011549 0.161054 -0.000000 0.017239 0.999274 -0.033978 13.639600 -0.160545 0.036309 0.986360 -1.292300 0.000000 0.000000 0.000000 1.000000
0.987648 -0.009986 0.156368 -0.000000 0.015806 0.999226 -0.036021 13.639600 -0.155887 0.038048 0.987042 -1.292300 0.000000 0.000000 0.000000 1.000000
0.989061 -0.009620 0.147191 -0.000000 0.015275 0.999186 -0.037339 13.639600 -0.146712 0.039179 0.988403 -1.292300 0.000000 0.000000 0.000000 1.000000
0.990891 -0.010203 0.134278 -0.000000 0.015508 0.999137 -0.038520 13.639600 -0.133769 0.040252 0.990195 -1.292300 0.000000 0.000000 0.000000 1.000000
0.992654 -0.011524 0.120436 0.000000 0.016542 0.999032 -0.040755 13.639600 -0.119849 0.042448 0.991884 -1.292300 0.000000 0.000000 0.000000 1.000000
0.994127 -0.013623 0.107358 0.000000 0.018514 0.998829 -0.044691 13.639600 -0.106623 0.046417 0.993215 -1.292300 0.000000 0.000000 0.000000 1.000000
0.995460 -0.016202 0.093791 -0.000000 0.020959 0.998531 -0.049963 13.639600 -0.092843 0.051702 0.994337 -1.292300 0.000000 0.000000 0.000000 1.000000
0.996798 -0.018391 0.077817 -0.000000 0.022790 0.998169 -0.056025 13.639600 -0.076644 0.057619 0.995392 -1.292300 0.000000 0.000000 0.000000 1.000000
0.997985 -0.019472 0.060391 0.000000 0.023265 0.997758 -0.062758 13.639600 -0.059033 0.064037 0.996200 -1.292300 0.000000 0.000000 0.000000 1.000000
0.998799 -0.019195 0.045074 0.000000 0.022297 0.997343 -0.069356 13.639600 -0.043623 0.070278 0.996573 -1.292300 0.000000 0.000000 0.000000 1.000000
0.999267 -0.017212 0.034181 0.000000 0.019690 0.997099 -0.073522 13.639600 -0.032817 0.074141 0.996708 -1.292300 0.000000 0.000000 0.000000 1.000000
0.999555 -0.013293 0.026709 -0.000000 0.015230 0.997166 -0.073676 13.639600 -0.025654 0.074050 0.996924 -1.292300 0.000000 0.000000 0.000000 1.000000
0.999762 -0.008089 0.020272 -0.000000 0.009510 0.997429 -0.071025 13.639600 -0.019646 0.071201 0.997269 -1.292300 0.000000 0.000000 0.000000 1.000000
0.999907 -0.002719 0.013358 0.000000 0.003623 0.997673 -0.068078 13.639600 -0.013142 0.068120 0.997591 -1.292300 0.000000 0.000000 0.000000 1.000000</float_array><technique_common><accessor source="#boss_Spine2-Matrix-animation-output-transform-array" count="37" stride="16"><param type="float4x4"/></accessor></technique_common></source><source id="boss_Spine2-Interpolations"><Name_array id="boss_Spine2-Interpolations-array" count="37">
 LINEAR LINEAR LINEAR LINEAR LINEAR LINEAR LINEAR LINEAR LINEAR LINEAR LINEAR
LINEAR LINEAR LINEAR LINEAR LINEAR LINEAR LINEAR LINEAR LINEAR LINEAR LINEAR LINEAR
LINEAR LINEAR LINEAR LINEAR LINEAR LINEAR LINEAR LINEAR LINEAR LINEAR LINEAR LINEAR
LINEAR LINEAR</Name_array><technique_common><accessor source="#boss_Spine2-Interpolations-array" count="37"><param type="name"/></accessor></technique_common></source><sampler id="boss_Spine2-Matrix-animation-transform"><input semantic="INPUT" source="#boss_Spine2-Matrix-animation-input"/><input semantic="OUTPUT" source="#boss_Spine2-Matrix-animation-output-transform"/><input semantic="INTERPOLATION" source="#boss_Spine2-Interpolations"/></sampler><channel source="#boss_Spine2-Matrix-animation-transform" target="boss_Spine2/matrix"/></animation>
    <animation id="boss_Neck-anim" name="boss_Neck"><source id="boss_Neck-Matrix-animation-input"><float_array id="boss_Neck-Matrix-animation-input-array" count="37">

0.000000 0.033333 0.066667 0.100000 0.133333 0.166667 0.200000 0.233333 0.266667 0.300000 0.333333 0.366667 0.400000 0.433333 0.466667 0.500000
0.533333 0.566667 0.600000 0.633333 0.666667 0.700000 0.733333 0.766667 0.800000 0.833333 0.866667 0.900000 0.933333 0.966667 1.000000 1.033333
1.066667 1.100000 1.133333 1.166667 1.200000</float_array><technique_common><accessor source="#boss_Neck-Matrix-animation-input-array" count="37"><param name="TIME" type="float"/></accessor></technique_common></source><source id="boss_Neck-Matrix-animation-output-transform"><float_array id="boss_Neck-Matrix-animation-output-transform-array" count="592">

0.999783 -0.004948 0.020230 0.000000 0.006727 0.996026 -0.088809 13.877400 -0.019710 0.088926 0.995843 -4.354200 0.000000 0.000000 0.000000 1.000000
0.999804 -0.005753 0.018963 -0.000000 0.007363 0.996272 -0.085947 13.877400 -0.018397 0.086070 0.996119 -4.354200 0.000000 0.000000 0.000000 1.000000
0.999833 -0.006395 0.017112 0.000000 0.007816 0.996413 -0.084262 13.877400 -0.016511 0.084381 0.996297 -4.354200 0.000000 0.000000 0.000000 1.000000
0.999869 -0.008025 0.014089 0.000000 0.009172 0.996477 -0.083360 13.877400 -0.013370 0.083478 0.996420 -4.354200 0.000000 0.000000 0.000000 1.000000
0.999885 -0.012198 0.008970 0.000000 0.012896 0.996518 -0.082370 13.877400 -0.007934 0.082477 0.996561 -4.354200 0.000000 0.000000 0.000000 1.000000
0.999815 -0.019185 0.001028 0.000000 0.019206 0.996516 -0.081166 13.877400 0.000533 0.081170 0.996700 -4.354200 0.000000 0.000000 0.000000 1.000000
0.999610 -0.026336 -0.009318 0.000000 0.025494 0.996368 -0.081242 13.877400 0.011424 0.080973 0.996651 -4.354200 0.000000 0.000000 0.000000 1.000000
0.999371 -0.029224 -0.020073 -0.000000 0.027434 0.996063 -0.084301 13.877400 0.022458 0.083698 0.996238 -4.354200 0.000000 0.000000 0.000000 1.000000
0.999255 -0.025615 -0.028852 -0.000000 0.022926 0.995683 -0.089943 13.877400 0.031031 0.089214 0.995529 -4.354200 0.000000 0.000000 0.000000 1.000000
0.999214 -0.018356 -0.035132 0.000000 0.014927 0.995318 -0.095493 13.877400 0.036720 0.094894 0.994810 -4.354200 0.000000 0.000000 0.000000 1.000000
0.999067 -0.013559 -0.041010 0.000000 0.009474 0.995118 -0.098233 13.877400 0.042142 0.097753 0.994318 -4.354200 0.000000 0.000000 0.000000 1.000000
0.998687 -0.015488 -0.048821 0.000000 0.010661 0.995166 -0.097626 13.877400 0.050097 0.096977 0.994025 -4.354200 0.000000 0.000000 0.000000 1.000000
0.998041 -0.023110 -0.058135 -0.000000 0.017499 0.995301 -0.095240 13.877400 0.060063 0.094036 0.993755 -4.354200 0.000000 0.000000 0.000000 1.000000
0.997320 -0.031473 -0.066054 -0.000000 0.025280 0.995383 -0.092596 13.877400 0.068663 0.090678 0.993510 -4.354200 0.000000 0.000000 0.000000 1.000000
0.996867 -0.036195 -0.070324 -0.000000 0.029801 0.995501 -0.089938 13.877400 0.073263 0.087561 0.993461 -4.354200 0.000000 0.000000 0.000000 1.000000
0.996784 -0.036603 -0.071284 0.000000 0.030324 0.995724 -0.087259 13.877400 0.074173 0.084817 0.993632 -4.354200 0.000000 0.000000 0.000000 1.000000
0.996874 -0.035009 -0.070828 0.000000 0.028920 0.995941 -0.085238 13.877400 0.073524 0.082924 0.993840 -4.354200 0.000000 0.000000 0.000000 1.000000
0.996949 -0.033807 -0.070358 -0.000000 0.027802 0.996023 -0.084649 13.877400 0.072940 0.082435 0.993924 -4.354200 0.000000 0.000000 0.000000 1.000000
0.996971 -0.033691 -0.070096 0.000000 0.027649 0.995959 -0.085445 13.877400 0.072692 0.083248 0.993874 -4.354200 0.000000 0.000000 0.000000 1.000000
0.996984 -0.034061 -0.069732 -0.000000 0.027951 0.995834 -0.086800 13.877400 0.072398 0.084589 0.993782 -4.354200 0.000000 0.000000 0.000000 1.000000
0.997025 -0.034184 -0.069085 0.000000 0.028052 0.995738 -0.087855 13.877400 0.071793 0.085655 0.993735 -4.354200 0.000000 0.000000 0.000000 1.000000
0.997106 -0.033702 -0.068145 0.000000 0.027623 0.995714 -0.088260 13.877400 0.070827 0.086122 0.993764 -4.354200 0.000000 0.000000 0.000000 1.000000
0.997232 -0.032594 -0.066830 0.000000 0.026637 0.995750 -0.088166 13.877400 0.069419 0.086142 0.993861 -4.354200 0.000000 0.000000 0.000000 1.000000
0.997409 -0.031065 -0.064892 -0.000000 0.025295 0.995806 -0.087918 13.877400 0.067351 0.086049 0.994012 -4.354200 0.000000 0.000000 0.000000 1.000000
0.997641 -0.029423 -0.062020 0.000000 0.023914 0.995854 -0.087772 13.877400 0.064345 0.086081 0.994208 -4.354200 0.000000 0.000000 0.000000 1.000000
0.997924 -0.027938 -0.058026 -0.000000 0.022779 0.995882 -0.087751 13.877400 0.060238 0.086247 0.994451 -4.354200 0.000000 0.000000 0.000000 1.000000
0.998235 -0.026830 -0.052980 0.000000 0.022114 0.995903 -0.087677 13.877400 0.055116 0.086351 0.994739 -4.354200 0.000000 0.000000 0.000000 1.000000
0.998543 -0.026218 -0.047174 0.000000 0.022023 0.995935 -0.087346 13.877400 0.049273 0.086180 0.995060 -4.354200 0.000000 0.000000 0.000000 1.000000
0.998831 -0.025804 -0.040864 0.000000 0.022178 0.995977 -0.086824 13.877400 0.042940 0.085816 0.995385 -4.354200 0.000000 0.000000 0.000000 1.000000
0.999114 -0.024711 -0.034079 -0.000000 0.021684 0.996014 -0.086518 13.877400 0.036082 0.085702 0.995667 -4.354200 0.000000 0.000000 0.000000 1.000000
0.999397 -0.022095 -0.026779 -0.000000 0.019695 0.996031 -0.086799 13.877400 0.028591 0.086219 0.995866 -4.354200 0.000000 0.000000 0.000000 1.000000
0.999653 -0.018077 -0.019145 0.000000 0.016335 0.996027 -0.087541 13.877400 0.020652 0.087197 0.995977 -4.354200 0.000000 0.000000 0.000000 1.000000
0.999839 -0.013824 -0.011479 0.000000 0.012758 0.996019 -0.088220 13.877400 0.012653 0.088059 0.996035 -4.354200 0.000000 0.000000 0.000000 1.000000
0.999938 -0.010507 -0.003818 0.000000 0.010128 0.996023 -0.088523 13.877400 0.004733 0.088479 0.996067 -4.354200 0.000000 0.000000 0.000000 1.000000
0.999957 -0.008328 0.004027 0.000000 0.008652 0.996031 -0.088583 13.877400 -0.003273 0.088614 0.996061 -4.354200 0.000000 0.000000 0.000000 1.000000
0.999905 -0.006685 0.012095 0.000000 0.007731 0.996033 -0.088645 13.877400 -0.011455 0.088730 0.995990 -4.354200 0.000000 0.000000 0.000000 1.000000
0.999783 -0.004948 0.020230 0.000000 0.006727 0.996026 -0.088809 13.877400 -0.019710 0.088926 0.995843 -4.354200 0.000000 0.000000 0.000000 1.000000</float_array><technique_common><accessor source="#boss_Neck-Matrix-animation-output-transform-array" count="37" stride="16"><param type="float4x4"/></accessor></technique_common></source><source id="boss_Neck-Interpolations"><Name_array id="boss_Neck-Interpolations-array" count="37">
 LINEAR LINEAR LINEAR LINEAR LINEAR LINEAR LINEAR LINEAR LINEAR LINEAR LINEAR
LINEAR LINEAR LINEAR LINEAR LINEAR LINEAR LINEAR LINEAR LINEAR LINEAR LINEAR LINEAR
LINEAR LINEAR LINEAR LINEAR LINEAR LINEAR LINEAR LINEAR LINEAR LINEAR LINEAR LINEAR
LINEAR LINEAR</Name_array><technique_common><accessor source="#boss_Neck-Interpolations-array" count="37"><param type="name"/></accessor></technique_common></source><sampler id="boss_Neck-Matrix-animation-transform"><input semantic="INPUT" source="#boss_Neck-Matrix-animation-input"/><input semantic="OUTPUT" source="#boss_Neck-Matrix-animation-output-transform"/><input semantic="INTERPOLATION" source="#boss_Neck-Interpolations"/></sampler><channel source="#boss_Neck-Matrix-animation-transform" target="boss_Neck/matrix"/></animation>
    <animation id="boss_Neck1-anim" name="boss_Neck1"><source id="boss_Neck1-Matrix-animation-input"><float_array id="boss_Neck1-Matrix-animation-input-array" count="37">

0.000000 0.033333 0.066667 0.100000 0.133333 0.166667 0.200000 0.233333 0.266667 0.300000 0.333333 0.366667 0.400000 0.433333 0.466667 0.500000
0.533333 0.566667 0.600000 0.633333 0.666667 0.700000 0.733333 0.766667 0.800000 0.833333 0.866667 0.900000 0.933333 0.966667 1.000000 1.033333
1.066667 1.100000 1.133333 1.166667 1.200000</float_array><technique_common><accessor source="#boss_Neck1-Matrix-animation-input-array" count="37"><param name="TIME" type="float"/></accessor></technique_common></source><source id="boss_Neck1-Matrix-animation-output-transform"><float_array id="boss_Neck1-Matrix-animation-output-transform-array" count="592">

0.999783 -0.004948 0.020230 0.000000 0.006727 0.996026 -0.088810 4.340000 -0.019710 0.088927 0.995843 0.926900 0.000000 0.000000 0.000000 1.000000
0.999804 -0.005753 0.018963 0.000000 0.007363 0.996272 -0.085947 4.340000 -0.018397 0.086070 0.996119 0.926900 0.000000 0.000000 0.000000 1.000000
0.999833 -0.006395 0.017112 0.000000 0.007816 0.996413 -0.084262 4.340000 -0.016511 0.084381 0.996297 0.926900 0.000000 0.000000 0.000000 1.000000
0.999869 -0.008025 0.014089 0.000000 0.009172 0.996477 -0.083360 4.340000 -0.013370 0.083478 0.996420 0.926900 0.000000 0.000000 0.000000 1.000000
0.999885 -0.012198 0.008970 0.000000 0.012896 0.996518 -0.082371 4.340000 -0.007934 0.082477 0.996561 0.926900 0.000000 0.000000 0.000000 1.000000
0.999815 -0.019185 0.001028 0.000000 0.019206 0.996516 -0.081166 4.340000 0.000533 0.081170 0.996700 0.926900 0.000000 0.000000 0.000000 1.000000
0.999610 -0.026336 -0.009318 0.000000 0.025493 0.996368 -0.081242 4.340000 0.011424 0.080973 0.996651 0.926900 0.000000 0.000000 0.000000 1.000000
0.999371 -0.029224 -0.020073 0.000000 0.027434 0.996063 -0.084301 4.340000 0.022457 0.083698 0.996238 0.926900 0.000000 0.000000 0.000000 1.000000
0.999255 -0.025615 -0.028852 -0.000000 0.022926 0.995683 -0.089944 4.340000 0.031031 0.089215 0.995529 0.926900 0.000000 0.000000 0.000000 1.000000
0.999214 -0.018355 -0.035132 0.000000 0.014926 0.995318 -0.095494 4.340000 0.036720 0.094895 0.994810 0.926900 0.000000 0.000000 0.000000 1.000000
0.999067 -0.013559 -0.041010 -0.000000 0.009474 0.995118 -0.098233 4.340000 0.042142 0.097753 0.994318 0.926900 0.000000 0.000000 0.000000 1.000000
